観測所番号
#県庁所在地
14163
31312
32402
33431
34392
35426
36126
40201
41277
42251
43241
44132
45212
46106
48156
49142
50331
51106
52586
53061
54232
55102
56227
57066
60216
61286
62078
63518
64036
65042
66408
67437
68132
69122
71106
72086
73166
74181
81286
82182
83216
84496
85142
86141
87376
88317
91197
#政令市、中核市
46046
50456
62091
82056
12442
23232
31602
36476
36846
42286
43256
44112
45106
51331
51226
51116
62051
62046
62081
63477
66446
67511
67401
81428
82306
84266
#気象通報
94081
92011
88836
84536
84072
74516
74372
68376
68022
65356
44263
44172
50551
45147
56052
54157
33472
22327
18273
11016
44301
44356
50066